18      4
15  1.718      0       0   1.331
30  1.680      0       0   1.026
22  1.787      0       0   1.055
25      0      0   1.564   2.380
20      0      0   0.736   1.254
30  5.443      0       0   3.437
21  5.045      0   3.025   3.451
26      0      0   1.500   1.677
30      0      0   1.869   2.696
29      0  1.457       0       0
30      0  3.925       0   3.237
21      0  6.971   7.000   5.837
30 11.430      0       0   6.953
25  2.812      0       0   1.764
24  5.180      0       0   3.222
30  1.430      0       0   1.020
30  4.654      0       0   3.273
30      0  1.667       0       0
-1  0.3 0.0 1.5 0.6 0.5 0.0 1.1 0.0 -1  0.5 1.0 0.2 0.8 0.7 0.5 1.8 -1 
0.2 -1  1.3 0.9 2.5 0.2 0.8 2.5 0.4 -1  0.6 2.5 0.5 0.2 0.6 0.0 1.1 -1 
0.5 0.9 -1  0.5 0.7 0.4 1.5 0.4 0.9 -1  0.2 1.5 0.8 0.0 0.0 2.0 0.6 -1 
1.1 0.7 0.2 -1  0.8 2.0 0.9 0.0 1.3 -1  1.5 1.0 1.8 0.6 1.3 0.6 1.5 -1 
0.5 1.0 0.0 1.3 -1  0.5 2.0 1.3 0.9 -1  0.4 0.3 2.0 1.0 2.0 0.7 0.2 -1 
0.2 0.0 1.3 1.0 1.0 -1  0.7 1.3 0.8 -1  0.7 0.6 0.5 0.7 0.5 2.0 0.9 -1 
0.9 0.5 0.0 0.0 1.4 0.6 -1  4.0 0.5 -1  0.5 0.8 0.3 2.0 1.1 0.5 1.5 -1 
1.5 2.0 0.4 1.3 0.5 0.0 0.7 -1  0.9 -1  0.4 1.8 0.6 1.5 0.6 0.5 0.7 -1 
2.5 0.6 0.5 0.8 0.6 1.8 0.6 0.2 -1  -1  2.0 1.5 2.0 0.6 0.9 1.3 1.8 -1 
-1  -1  -1  -1  -1  -1  -1  -1  -1  -1  1.0 1.3 -1  -1  -1  -1  -1  0.0
0.8 1.0 1.3 0.8 1.1 0.4 2.5 0.9 2.0 0.0 -1  0.8 1.0 2.5 1.5 0.6 0.8 2.0
0.2 0.7 0.6 0.3 0.9 0.3 0.5 0.2 0.4 0.4 0.0 -1  2.0 1.1 0.9 0.2 2.0 -1 
0.9 0.8 1.3 1.1 1.3 0.6 0.4 1.5 0.5 -1  0.4 1.8 -1  0.0 0.0 0.8 0.6 -1 
1.8 1.5 2.0 1.5 0.4 2.5 0.5 0.0 1.1 -1  0.6 1.5 0.8 -1  0.5 0.5 0.0 -1 
1.5 0.9 1.3 0.9 0.6 0.1 0.2 0.0 0.3 -1  1.3 0.5 0.4 0.6 -1  1.3 0.0 -1 
1.3 2.0 1.5 0.5 0.4 0.9 1.8 0.6 0.7 -1  1.5 2.0 0.6 0.4 0.8 -1  0.9 -1 
0.7 0.7 0.9 0.8 1.4 0.6 0.8 1.0 0.6 -1  0.9 0.4 0.5 0.9 2.0 0.0 -1  -1 
-1  -1  -1  -1  -1  -1  -1  -1  -1  0.0 0.8 1.3 -1  -1  -1  -1  -1  -1 
