20      4
15  1.538      0       0   1.194
30  1.500      0       0   0.789
22  1.607      0       0   0.818
25      0      0   1.564   2.143
20      0      0   0.736   1.017
30  5.263      0       0   3.200
21  4.865      0   3.025   3.214
26      0      0   1.500   1.440
30      0      0   1.869   2.459
29      0  1.282       0       0
30      0  3.750       0   3.000
21      0  6.796   7.000   5.600
30 11.250      0       0   6.716
25  2.632      0       0   1.527
24  5.000      0       0   2.985
30  1.250      0       0   3.036
30  4.474      0       0   0.783
30      0  1.492       0       0
13      0  3.130       0   2.687
19  2.424      0   1.074   1.600
30  7.317      0   3.614       0
20      0      0   0.864       0
12      0      0   3.624       0
30      0      0   2.667   4.000
17  5.952      0   3.448   4.902