20      4
15  1.538      0       0   11.194
30  1.500      0       0   10.789
22  1.607      0       0   10.818
25      0      0   1.564   12.143
20      0      0   0.736   11.017
30  5.263      0       0   13.200
21  4.865      0   3.025   13.214
26      0      0   1.500   11.440
30      0      0   1.869   12.459
29      0 21.282       0        0
30      0 23.750       0   13.000
21      0 26.796   7.000   15.600
30 11.250      0       0   16.716
25  2.632      0       0   11.527
24  5.000      0       0   12.985
30  1.250      0       0   13.036
30  4.474      0       0   10.783
30      0 21.492       0        0
13      0 23.130       0   12.687
19  2.424      0   1.074   11.600
30  7.317      0   3.614        0
20      0      0   0.864        0
12      0      0   3.624        0
30      0      0   2.667   14.000
17  5.952      0   3.448   14.902